3.2221435786435784, -60.389207070707066, 145.81556748935623
5.253290635389276, -60.4699193784104, 143.4080943100185
7.2850145319305035, -60.53434923532198, 140.95951532328394
9.317207578139964, -60.581549392447364, 138.4676489992426
11.349740169261832, -60.6105144908135, 135.93011223924566
13.382457751746252, -60.62017771054425, 133.34429296003273
15.415155415924785, -60.607317333124726, 130.7073305976949
17.447557362121003, -60.57049196684975, 128.01606555373084
19.47939295334569, -60.51009263748662, 125.26699739338413
21.510179890947054, -60.42133397085138, 122.45624027302422
23.53945072399473, -60.30285399796802, 119.57943216307669
25.566594389919178, -60.15248543244937, 116.63170703028517
27.59073621700073, -59.96594197893602, 113.60751447284483
29.61080387877453, -59.73972267371652, 110.50062459415365
31.625751306185066, -59.4717000780121, 107.30381478059365
33.6335243347521, -59.154319416671754, 104.0087806473418
35.631893086641064, -58.782451948116424, 100.60593592107166
37.61819510728775, -58.350917511875764, 97.0839558541965
39.58866844066772, -57.85217360988782, 93.42935109532607
41.53851684783296, -57.27810213663803, 89.62586956902767
43.45998515820902, -56.6153919518078, 85.6537781109031
45.34573054868031, -55.85720648027235, 81.48847729536587
47.183707775523196, -54.989894445012844, 77.51774438815715
48.96015156444067, -54.00278707987103, 72.88940874194849
50.655746014343464, -52.88257580859785, 68.74415515174135
52.24831768677106, -51.62043243799295, 65.35954873981456
53.71498169320463, -50.21424454579074, 62.71441392418089
55.03526790152247, -48.669905750130745, 60.26121678218063
56.190188599393736, -46.998296024710555, 59.14006630859896
57.174313348992264, -45.22061252147846, 58.44141869714586
57.988248328287696, -43.358709184872026, 58.391270739615635
58.648266781718114, -41.436649736435974, 58.775056368146736
59.16918325661965, -39.47214788028567, 59.484432396400436
59.577053329773555, -37.48098925385939, 60.12324711014218
59.89190662361521, -35.47291326635141, 61.00353570111496
60.13801981737883, -33.455191416305176, 61.62584903290642
60.33398223188193, -31.431936511728257, 59.003983272937624
60.50062624235162, -29.40603415252951, 52.77474498218537
60.655519380305165, -27.379189744885803, 45.70420158139416
60.816142677032104, -25.352795931674677, 37.31723365099462
60.9991287698081, -23.328316476120094, 26.387189579851356
61.22072799422799, -21.307723665223666, 0
63.651551803277975, -1.4559958913155313, 0
endData
171.27
200
103.08
3.2221435786435784, -60.389207070707066, 64.75469191919193, -63.09165007215007, 58.72616522366522, -41.67998629148629, 61.22072799422799, -21.307723665223666
