22.55500505050505, 0.9354610389610389, 82.67617334302872
23.141726104900492, -0.9765222615636657, 88.58103159671782
23.781607598941182, -2.871417333312441, 92.5799504826111
24.460064499800904, -4.7528723051582356, 97.3009585254487
25.16603550219376, -6.624190757991696, 100.36611404895602
25.891763857200786, -8.487944534943878, 103.01332902966735
26.631023803827073, -10.346376930962638, 105.23646272215203
27.378654201528377, -12.20145985135225, 107.03160317310142
28.13022253374027, -14.054951669244655, 108.39668531641084
28.881773226667946, -15.90845063899592, 109.33125849000895
29.629629483963004, -17.763442523408816, 109.83636849266716
30.370227118218864, -19.62134259106608, 109.91453480452037
31.099964327000215, -21.483532532186835, 109.73139116302912
31.815054278324013, -23.351392632030088, 109.10782704115694
32.511368442220835, -25.226328879826692, 108.07201553790246
33.18425817982863, -27.10979350298172, 105.79246414858736
33.82834029970121, -29.003295416831392, 101.94128870761644
34.43722910476572, -30.908393711589625, 97.93881679160114
35.003192879632074, -32.82666157611845, 93.76569295383061
35.51670707755091, -34.75959831068671, 89.39804835678933
35.96587081691956, -36.70845056178446, 84.80585907935378
36.33418191531687, -38.674119174597635, 79.95050418634888
36.59965652960346, -40.65619180399957, 74.78084150995595
36.73221730767367, -42.65133802620073, 69.22684592584993
36.69089531819934, -44.65006106795554, 63.18778472633023
36.41947264920406, -46.630094320165405, 56.50908028248506
35.8409111822132, -48.541810250576916, 48.93197054850364
34.89225699923346, -50.29742603943385, 39.951552986588254
33.55724433290872, -51.779376531576695, 28.253953566287176
31.909615440115463, -52.90551875901874, 0.0000033848422937794653
31.909615440115438, -52.905518759018754, 0
14.247301050967224, -62.28862327825374, 0
endData
200
160.01
157.76
22.55500505050505, 0.9354610389610389, 27.33625036075036, -15.69495743145743, 45.213950216450215, -45.837590909090906, 31.909615440115438, -52.905518759018754
