3.2221435786435784, -60.389207070707066, 153.99656380679318
5.253290635389276, -60.4699193784104, 151.3335443209042
7.2850145319305035, -60.53434923532198, 148.6228230856801
9.317207578139964, -60.581549392447364, 145.8617396605943
11.349740169261832, -60.6105144908135, 143.04737505360296
13.382457751746252, -60.62017771054425, 140.17651475657001
15.415155415924785, -60.607317333124726, 137.24561905905156
17.447557362121003, -60.57049196684975, 134.25075692380497
19.47939295334569, -60.51009263748662, 131.18754699083397
21.510179890947054, -60.42133397085138, 128.05109220071725
23.53945072399473, -60.30285399796802, 124.83585845160816
25.566594389919178, -60.15248543244937, 121.53561763787364
27.59073621700073, -59.96594197893602, 118.14321204207029
29.61080387877453, -59.73972267371652, 114.65051501849999
31.625751306185066, -59.4717000780121, 111.0480191901817
33.6335243347521, -59.154319416671754, 107.3246533435146
35.631893086641064, -58.782451948116424, 103.4674425374846
37.61819510728775, -58.350917511875764, 99.46082857679457
39.58866844066772, -57.85217360988782, 95.28594707642566
41.53851684783296, -57.27810213663803, 90.91958703220473
43.45998515820902, -56.6153919518078, 86.33281343635045
45.34573054868031, -55.85720648027235, 81.48847729536587
47.183707775523196, -54.989894445012844, 77.79774375321479
48.96015156444067, -54.00278707987103, 72.88940874194849
50.655746014343464, -52.88257580859785, 68.74415515174135
52.24831768677106, -51.62043243799295, 65.35954873981456
53.71498169320463, -50.21424454579074, 62.71441392418089
55.03526790152247, -48.669905750130745, 60.26121678218063
56.190188599393736, -46.998296024710555, 59.14006630859896
57.174313348992264, -45.22061252147846, 58.44141869714586
57.988248328287696, -43.358709184872026, 58.391270739615635
58.648266781718114, -41.436649736435974, 58.775056368146736
59.16918325661965, -39.47214788028567, 59.484432396400436
59.577053329773555, -37.48098925385939, 60.12324711014218
59.89190662361521, -35.47291326635141, 61.00353570111496
60.13801981737883, -33.455191416305176, 61.62584903290642
60.33398223188193, -31.431936511728257, 62.178572886464856
60.50062624235162, -29.40603415252951, 57.029621911477115
60.655519380305165, -27.379189744885803, 49.38902758947847
60.816142677032104, -25.352795931674677, 40.325874177447275
60.9991287698081, -23.328316476120094, 28.51461329757953
61.22072799422799, -21.307723665223666, 0
63.651551803277975, -1.4559958913155313, 0
endData
200
200
103.08
3.2221435786435784, -60.389207070707066, 64.75469191919193, -63.09165007215007, 58.72616522366522, -41.67998629148629, 61.22072799422799, -21.307723665223666
